V2   2169.36  3.46495  0.0145967  0.693252  0.00119054  1.515  0.348  1.21143  .02498914
V3   1511.28  2.41385  0.0108445  0.611247  0.000809588  1.515  0.348  0.908728  .01779776
V4   1101.81  1.75983  0.010225  0.541682  0.000924002  1.515  0.348  0.671874  .01326458
V5   843.084  1.34659  0.00618206  0.482285  0.00111463  1.515  0.348  0.546402  .009567162
V6   654.629  1.04559  0.00669197  0.431264  0.00100006  1.515  0.348  0.470852  .00821601
V7   517.205  0.82609  0.00351487  0.387194  0.000803738  1.515  0.348  0.38083  .009057904
V8   425.547  0.679692  0.00479005  0.348929  0.000677395  1.515  0.348  0.358438  .00847022
V9   116.661  0.186333  0.000992883  0.154889  0.00035928  1.513  0.348  0.194842  
V15   52.9675  0.0846008  0.000301431  0.0774195  0.00028877  1.410  0.348  0.160261  .003746728
V16   46.8928  0.0748981  0.000331966  0.0693244  0.000217826  1.403  0.348  0.170891  .004430378
V17   41.7624  0.0667037  0.000281441  0.0623196  0.000176005  1.409  0.348  0.150728  .00547256
V18   37.3538  0.0596622  0.000180781  0.0562277  0.000111456  1.394  0.348  0.164076  .003951765
V19   33.7213  0.0538603  0.000237304  0.0509046  0.0001561  1.386  0.348  0.15428  .00433055
V21   341.599  0.545609  0.00368688  0.32187  0.000609766  1.515  0.348  0.292113  .008477044
V22   286.97  0.458354  0.00250954  0.29184  0.0006758  1.515  0.348  0.274316  .00519463
V23   250.717  0.40045  0.00249112  0.265432  0.000677209  1.515  0.348  0.251488  .00782617
V24   217.309  0.34709  0.00192337  0.242117  0.000613392  1.515  0.348  0.234171  .006520186
V25   191.185  0.305365  0.00152666  0.221455  0.00049732  1.515  0.348  0.234588  .006739673
V26   168.429  0.269018  0.00186773  0.203078  0.000563656  1.515  0.348  0.215268  .004529571
V27   150.396  0.240215  0.00137198  0.18668  0.000707377  1.515  0.348  0.20597  .005853399
V28   134.422  0.214702  0.000810257  0.172  0.00036902  1.515  0.348    
