V2   2147.11  3.42941  0.00768605  0.693252  0.000843211  1.515  0.348  1.25448  .01953498
V3   1497.12  2.39123  0.00646227  0.611247  0.000661934  1.515  0.348  0.914854  .01620317
V4   1076.11  1.71878  0.00445134  0.541682  0.000683662  1.515  0.348  0.654693  .0139729
V5   810.494  1.29454  0.00420867  0.482285  0.000675868  1.515  0.348  0.53145  .009747421
V6   630.052  1.00633  0.00321271  0.431264  0.000598509  1.515  0.348  0.486656  .01647398
V7   501.161  0.800464  0.00267632  0.387194  0.000416397  1.515  0.348  0.392067  .00887637
V8   409.052  0.653346  0.00192992  0.348929  0.000595251  1.515  0.348  0.355402  .005871608
V9   111.547  0.178165  0.00116894  0.154889  0.000721125  1.515  0.348  0.194643  .005651046
V15   48.4925  0.0774532  0.000422192  0.0774195  0.000551977  1.414  0.348  0.168508  .003859484
V16   43.1057  0.0688493  0.000975296  0.0693244  0.000381652  1.400  0.348  0.163723  .002991108
V17   38.2504  0.0610943  0.000334352  0.0623196  0.000572777  1.382  0.348  0.162201  .003710906
V18   34.0866  0.0544438  0.000302523  0.0562277  0.000314212  1.391  0.348  0.164212  .003487132
V19   30.7339  0.0490888  0.000279571  0.0509046  0.0002799  1.382  0.348  0.160832  .004140086
V20   27.9504  0.0446429  0.000199054  0.0462327  0.000226291  1.380  0.348  0.160452  .00373878
V21   331.954  0.530204  0.00317307  0.32187  0.00121357  1.515  0.348  0.298774  .006893929
V22   275.289  0.439697  0.00216928  0.29184  0.0007854  1.515  0.348  0.272558  .008552997
V23   239.038  0.381796  0.00219431  0.265432  0.000770058  1.515  0.348  0.244538  .00886380
V24   206.369  0.329617  0.00219044  0.242117  0.000632046  1.515  0.348  0.238548  .00950685
V25   179.953  0.287425  0.00169251  0.221455  0.00079819  1.515  0.348  0.229667  .007724747
V26   160.503  0.256359  0.00191535  0.203078  0.000796272  1.515  0.348  0.218467  .008317293
V27   140.514  0.224432  0.00128345  0.18668  0.000573565  1.515  0.348  0.217134  .01033072
V28   128.03  0.204492  0.00129967  0.172  0.00132413  1.515  0.348  0.200134  .00830088
