V2   2175.54  3.47482  0.0151626  0.693252  0.00127982  0    1.13522  .02326693
V3   1534.58  2.45106  0.0104631  0.611247  0.000910036  0    0.776232  .01914789
V4   1099.93  1.75683  0.00905391  0.541682  0.000980207  0    0.594838  .01307839
V5   833.926  1.33196  0.00735999  0.482285  0.00086794  0    0.485061  .011228665
V6   656.677  1.04886  0.00551606  0.431264  0.00073751  0    0.405479  .01337693
V7   509.889  0.814405  0.00439138  0.387194  0.000707074  0    0.352856  .011306641
V8   424.679  0.678306  0.00394326  0.348929  0.000850019  0    0.300387  .00842130
V9   109.827  0.175418  0.000873617  0.154889  0.000587572  0    0.188698  .006950289
V15   49.9964  0.0798553  0.000481523  0.0774195  0.000325771  0      
V16   44.4084  0.07093  0.000274553  0.0693244  0.000190909  0    0.166704  .00742117
V17   39.5012  0.0630921  0.000212812  0.0623196  0.00029086  0    0.161122  .00919973
V18   35.4667  0.0566481  0.000232327  0.0562277  0.000157577  0    0.153818  .005352968
V19   32.1916  0.0514171  0.000226868  0.0509046  0.00016623  0    0.150184  .00608355
V21   315.736  0.5043  0.00265147  0.32187  0.00106976  0    0.283106  .01138675
V22   267.162  0.426716  0.00259678  0.29184  0.000606597  0    0.248217  .01088895
V23   230.66  0.368415  0.00224299  0.265432  0.000670203  0    0.230655  .007348938
V24   199.244  0.318237  0.00183402  0.242117  0.000699977  0    0.22606  .007766907
V25   175.626  0.280513  0.00190389  0.221455  0.000525132  0    0.219916  .007270326
V26   155.367  0.248155  0.00147615  0.203078  0.000573746  0    0.197561  .004782606
V27   140.225  0.22397  0.00134756  0.18668  0.000602714  0    0.187049  .00771959
V28   124.651  0.199095  0.00118737  0.172  0.000521057  0    0.193419  .006047985
